TEMP,PRESSURE,DENSITY,ENTROPY,RHOS/RHO,VISC,ro*S*T,ron/ro,ron/ros,PRESSURE
[K],[Pa],[Kg/m3],[J/Kg-K],[-],[Pa-s],[J/m3],,,[torr]
2.17,4957.8,146.11,1540.5,0.037607,2.4087E-06,488428.92735,0.962393,25.590794267,37.0767822878
2.16,4835.8,146.06,1491.5,0.078408,2.3025E-06,470552.7384,0.921592,11.7538006326,36.1644083641
2.15,4715.5,146.02,1446.8,0.11318,2.2111E-06,454212.7324,0.88682,7.8354833009,35.2647478475
2.14,4596.9,145.98,1405,0.14436,2.1293E-06,438918.066,0.85564,5.9271266279,34.377800738
2.13,4480.2,145.95,1365.2,0.17298,0.000002055,424404.5022,0.82702,4.7810151463,33.5050627306
2.12,4365.3,145.91,1327.2,0.1996,0.000001987,410541.71424,0.8004,4.0100200401,32.6457859779
2.11,4252.1,145.89,1290.8,0.22459,1.9245E-06,397344.25332,0.77541,3.4525579946,31.7992226322
2.1,4140.8,145.86,1255.6,0.24821,1.8668E-06,384597.8136,0.75179,3.0288465412,30.9668683887
2.09,4031.4,145.83,1221.7,0.27065,1.8136E-06,372355.46799,0.72935,2.6948087936,30.1487232472
2.08,3923.7,145.81,1188.9,0.29204,1.7645E-06,360575.29872,0.70796,2.4241884673,29.3432915129
2.07,3818,145.79,1157.1,0.31252,1.7191E-06,349195.77063,0.68748,2.1997952131,28.5528167282
2.06,3714,145.76,1126.2,0.33215,1.6773E-06,338159.11872,0.66785,2.0106879422,27.7750553506
2.05,3612,145.74,1096.2,0.35103,1.6387E-06,327508.3854,0.64897,1.8487593653,27.0122509225
2.04,3511.7,145.72,1067,0.36922,1.6031E-06,317185.8096,0.63078,1.7084123287,26.2621599016
2.03,3413.4,145.71,1038.6,0.38677,1.5704E-06,307208.84418,0.61323,1.5855159397,25.5270258303
2.02,3316.8,145.69,1011,0.40373,1.5403E-06,297531.0318,0.59627,1.4769028806,24.8046051661
2.01,3222.1,145.67,984.02,0.42013,1.5128E-06,288117.808734,0.57987,1.3802156475,24.0963936039
2,3129.3,145.65,957.75,0.43603,1.4876E-06,278992.575,0.56397,1.2934201775,23.4023911439
1.99,3038.2,145.64,932.13,0.45143,1.4645E-06,270153.272268,0.54857,1.2151828633,22.721102091
1.98,2949,145.62,907.12,0.46639,1.4436E-06,261547.732512,0.53361,1.1441283046,22.0540221402
1.97,2861.6,145.61,882.72,0.48091,1.4245E-06,253209.732624,0.51909,1.0793911543,21.400403444
1.96,2776,145.59,858.89,0.49503,1.4073E-06,245089.758396,0.50497,1.0200795911,20.7602460025
1.95,2692.1,145.58,835.61,0.50876,1.3918E-06,237213.80241,0.49124,0.9655633305,20.132801968
1.94,2610.1,145.57,812.88,0.52212,1.3779E-06,229562.026704,0.47788,0.9152685206,19.5195670357
1.93,2529.8,145.55,790.67,0.53513,1.3654E-06,222108.295705,0.46487,0.8687048007,18.9190455105
1.92,2451.2,145.54,768.97,0.54781,1.3543E-06,214878.516096,0.45219,0.8254504299,18.3312373924
1.91,2374.4,145.53,747.76,0.56017,1.3446E-06,207849.089448,0.43983,0.7851723584,17.7568905289
1.9,2299.3,145.52,727.03,0.57222,0.000001336,201015.07064,0.42778,0.7475796023,17.1952570726
1.89,2225.8,145.51,706.77,0.58397,1.3285E-06,194371.574103,0.41603,0.7124167337,16.6455891759
1.88,2154.1,145.49,686.96,0.59544,1.3221E-06,187898.123552,0.40456,0.6794303372,16.1093825338
1.87,2084,145.48,667.6,0.60663,1.3167E-06,181618.97776,0.39337,0.64845128,15.5851414514
1.86,2015.6,145.47,648.67,0.61756,1.3121E-06,175513.366314,0.38244,0.6192758598,15.0736137761
1.85,1948.8,145.46,630.17,0.62824,1.3084E-06,169579.37717,0.37176,0.5917483764,14.5740516605
1.84,1883.6,145.45,612.08,0.63867,1.3055E-06,163809.74624,0.36133,0.5657538322,14.0864551046
1.83,1819.9,145.44,594.4,0.64885,1.3032E-06,158202.65088,0.35115,0.5411882561,13.6100762608
1.82,1757.9,145.43,577.12,0.65881,1.3016E-06,152753.622112,0.34119,0.5178883138,13.1464108241
1.81,1697.4,145.42,560.23,0.66855,1.3005E-06,147458.250346,0.33145,0.4957744372,12.6939630996
1.8,1638.4,145.42,543.72,0.67806,0.0000013,142321.97232,0.32194,0.4747957408,12.2527330873
1.79,1580.9,145.41,527.58,0.68736,0.0000013,137320.579962,0.31264,0.4548417132,11.8227207872
1.78,1524.9,145.4,511.81,0.69646,1.3005E-06,132462.56972,0.30354,0.4358326393,11.4039261993
1.77,1470.4,145.39,496.4,0.70535,1.3013E-06,127743.72492,0.29465,0.4177358758,10.9963493235
1.76,1417.3,145.38,481.35,0.71405,1.3026E-06,123162.44688,0.28595,0.4004621525,10.5992423124
1.75,1365.7,145.37,466.64,0.72256,1.3041E-06,118712.0494,0.27744,0.3839681134,10.2133530135
1.74,1315.4,145.37,452.27,0.73088,0.000001306,114398.892426,0.26912,0.3682136602,9.8371857319
1.73,1266.5,145.36,438.24,0.73902,1.3081E-06,110205.439872,0.26098,0.353143352,9.4714883149
1.72,1219,145.35,424.54,0.74698,1.3105E-06,106135.84908,0.25302,0.3387239284,9.1162607626
1.71,1172.8,145.35,411.17,0.75477,1.3132E-06,102195.686745,0.24523,0.3249069253,8.7707552276
1.7,1127.9,145.34,398.11,0.76238,0.000001316,98364.22258,0.23762,0.3116818385,8.4349717097
1.69,1084.3,145.33,385.37,0.76983,0.000001319,94649.839349,0.23017,0.2989880883,8.1089102091
1.68,1042,145.32,372.93,0.77712,1.3222E-06,91046.235168,0.22288,0.286802553,7.7925707257
1.67,1000.9,145.32,360.8,0.78424,1.3256E-06,87560.53152,0.21576,0.2751198613,7.4852054121
1.66,961.08,145.31,348.96,0.7912,1.3292E-06,84174.246816,0.2088,0.2639029323,7.1874125461
1.65,922.43,145.31,337.42,0.79801,1.3329E-06,80900.32533,0.20199,0.2531171289,6.8983694957
1.64,884.95,145.3,326.16,0.80467,1.3368E-06,77721.31872,0.19533,0.2427454733,6.6180762608
1.63,848.62,145.29,315.19,0.81118,1.3408E-06,74644.146813,0.18882,0.2327720111,6.3463832718
1.62,813.43,145.29,304.49,0.81754,0.000001345,71667.750402,0.18246,0.2231817403,6.0832157442
1.61,779.35,145.28,294.07,0.82375,1.3493E-06,68783.208256,0.17625,0.2139605463,5.8283493235
1.6,746.36,145.28,283.92,0.82983,1.3539E-06,65996.63616,0.17017,0.2050660979,5.5816344403
1.59,714.44,145.27,274.03,0.83576,1.3586E-06,63295.257579,0.16424,0.1965157461,5.3429215252
1.58,683.56,145.27,264.41,0.84155,1.3635E-06,60689.128306,0.15845,0.1882835244,5.1119862239
1.57,653.71,145.26,255.04,0.8472,1.3687E-06,58163.963328,0.1528,0.1803588291,4.8887537515
1.56,624.85,145.26,245.92,0.85272,1.3741E-06,55726.849152,0.14728,0.172717891,4.6729249692
1.55,596.98,145.25,237.04,0.85811,1.3798E-06,53366.593,0.14189,0.1653517614,4.464499877
1.54,570.06,145.25,228.41,0.86336,1.3858E-06,51091.89085,0.13664,0.1582653818,4.2631793358
1.53,544.08,145.24,220.02,0.86848,1.3921E-06,48892.228344,0.13152,0.1514369934,4.0688885609
1.52,519.02,145.24,211.86,0.87348,1.3987E-06,46771.230528,0.12652,0.1448459037,3.8814779828
1.51,494.84,145.24,203.94,0.87834,1.4058E-06,44726.570856,0.12166,0.1385112826,3.7006484625
1.5,471.54,145.23,196.23,0.88308,1.4133E-06,42747.72435,0.11692,0.1324002355,3.5264
1.49,449.1,145.23,188.76,0.8877,1.4212E-06,40846.286052,0.1123,0.1265067027,3.3585830258
1.48,427.48,145.22,181.49,0.89219,1.4297E-06,39006.847144,0.10781,0.1208374898,3.196898401
1.47,406.67,145.22,174.45,0.89656,1.4387E-06,37240.43463,0.10344,0.1153743196,3.0412713407
1.46,386.65,145.22,167.61,0.9008,1.4483E-06,35536.873332,0.0992,0.1101243339,2.8915522755
1.45,367.4,145.21,160.98,0.90493,1.4586E-06,33895.06341,0.09507,0.1050578498,2.7475916359
1.44,348.9,145.21,154.55,0.90894,1.4696E-06,32316.77592,0.09106,0.1001826303,2.6092398524
1.43,331.13,145.21,148.31,0.91283,1.4814E-06,30796.615993,0.08717,0.0954942322,2.4763473555
1.42,314.07,145.2,142.28,0.9166,0.000001494,29335.85952,0.0834,0.0909884355,2.3487645756
1.41,297.7,145.2,136.43,0.92025,1.5075E-06,27931.58676,0.07975,0.0866612334,2.2263419434
1.4,282,145.2,130.77,0.92379,1.5219E-06,26582.9256,0.07621,0.0824971043,2.1089298893
1.39,266.96,145.2,125.29,0.92721,1.5374E-06,25287.03012,0.07279,0.0785043302,1.9964536285
1.38,252.54,145.19,119.99,0.93052,1.5539E-06,24041.460378,0.06948,0.0746679276,1.8886140221
1.37,238.74,145.19,114.86,0.93371,1.5717E-06,22846.837058,0.06629,0.0709963479,1.7854110701
1.36,225.54,145.19,109.91,0.93679,1.5906E-06,21702.652744,0.06321,0.0674751011,1.686695203
1.35,212.92,145.19,105.12,0.93976,1.6109E-06,20604.20328,0.06024,0.0641014727,1.5923168512
1.34,200.85,145.18,100.5,0.94261,1.6326E-06,19551.3906,0.05739,0.0608841408,1.5020516605
1.33,189.33,145.18,96.034,0.94536,1.6557E-06,18543.1474396,0.05464,0.0577980875,1.415899631
1.32,178.34,145.18,91.727,0.94799,1.6805E-06,17578.3421352,0.05201,0.0548634479,1.3337111931
1.31,167.85,145.18,87.573,0.95051,1.7069E-06,16655.1410634,0.04949,0.0520667852,1.2552619926
1.3,157.86,145.18,83.568,0.95292,0.000001735,15772.122912,0.04708,0.0494060362,1.1805520295
1.29,148.34,145.17,79.709,0.95522,0.000001765,14927.0486337,0.04478,0.0468792529,1.1093569496
1.28,139.28,145.17,75.992,0.95742,1.7969E-06,14120.6510592,0.04258,0.0444736897,1.041601968
1.27,130.66,145.17,72.414,0.9595,1.8309E-06,13350.6722826,0.0405,0.0422094841,0.9771375154
1.26,122.47,145.17,68.971,0.96147,1.8671E-06,12615.7752882,0.03853,0.0400740533,0.9158888069
1.25,114.7,145.17,65.659,0.96334,1.9054E-06,11914.6462875,0.03666,0.0380551,0.8577810578
1.24,107.32,145.17,62.476,0.9651,1.9462E-06,11246.3547408,0.0349,0.0361620557,0.8025899139
1.23,100.32,145.17,59.417,0.96675,1.9894E-06,10609.4460447,0.03325,0.0343935868,0.7502405904
1.22,93.693,145.16,56.481,0.96829,2.0352E-06,10002.5139912,0.03171,0.0327484535,0.700680738
1.21,87.418,145.16,53.662,0.96972,2.0837E-06,9425.3868632,0.03028,0.0312255084,0.6537533087
1.2,81.483,145.16,50.959,0.97105,2.1351E-06,8876.650128,0.02895,0.0298130889,0.6093685609
1.19,75.875,145.16,48.367,0.97243,0,8354.9349268,0.02757,0.0283516551,0.5674292743
1.18,70.58,145.16,45.884,0.97379,0,7859.4152992,0.02621,0.0269154541,0.5278307503
1.17,65.585,145.16,43.506,0.97509,0,7388.9372232,0.02491,0.0255463598,0.4904757688
1.16,60.877,145.16,41.231,0.97634,0,6942.7066736,0.02366,0.0242333613,0.4552671095
1.15,56.445,145.16,39.055,0.97754,0,6519.60737,0.02246,0.0229760419,0.4221225092
1.14,52.276,145.16,36.974,0.97869,0,6118.5462576,0.02131,0.021774004,0.3909447478
1.13,48.359,145.16,34.987,0.97979,0,5738.9455996,0.02021,0.020626869,0.3616515621
1.12,44.682,145.16,33.091,0.98083,0,5379.9083072,0.01917,0.0195446713,0.3341532103
1.11,41.234,145.16,31.281,0.98184,0,5040.2324556,0.01816,0.0184958853,0.3083674293
1.1,38.005,145.16,29.556,0.9828,0,4719.383856,0.0172,0.0175010175,0.2842194342
1.09,34.983,145.16,27.912,0.98372,0,4416.3594528,0.01628,0.0165494246,0.2616194834
1.08,32.159,145.16,26.347,0.98459,0,4130.4929616,0.01541,0.0156511848,0.2405002706
1.07,29.523,145.16,24.858,0.98543,0,3860.9743896,0.01457,0.0147854236,0.2207870111
1.06,27.066,145.16,23.442,0.98623,0,3607.0111632,0.01377,0.0139622603,0.2024123985
1.05,24.777,145.16,22.097,0.98699,0,3367.980546,0.01301,0.0131814912,0.1852941697
1.04,22.649,145.16,20.82,0.98771,0,3143.120448,0.01229,0.0124429235,0.1693799754
1.03,20.672,145.16,19.609,0.98841,0,2931.8357132,0.01159,0.0117259032,0.1545950308
1.02,18.839,145.16,18.46,0.98907,0,2733.246672,0.01093,0.0110507851,0.1408869865
1.01,17.14,145.16,17.372,0.98969,0,2546.9367152,0.01031,0.0104174034,0.1281810578
1,15.57,145.16,16.342,0.99029,0,2372.20472,0.00971,0.0098052086,0.1164398524
